{
  "advancedEditorSelectedIdentifier" : "ShaderGraphEditorPluginID",
  "openSceneRelativePaths" : [
    "Immersive.usda"
  ],
  "recentIdentifiers" : {
    "1D572CEB-057A-41C3-B575-04C37501A3C0" : [

    ]
  },
  "sceneCameraHistory" : {
    "1D572CEB-057A-41C3-B575-04C37501A3C0" : [
      {
        "date" : 738371140.252431,
        "title" : "Untitled",
        "transform" : [
          -0.78253156,
          3.6250004e-08,
          0.6226108,
          0,
          0.52431196,
          0.5392929,
          0.6589842,
          0,
          -0.33576953,
          0.84211826,
          -0.42201373,
          0,
          -0.949366,
          2.3053756,
          -1.3300089,
          1
        ]
      },
      {
        "date" : 738369376.411203,
        "title" : "Untitled",
        "transform" : [
          -0.78253156,
          2.2706814e-09,
          0.6226108,
          0,
          0.524312,
          0.53929293,
          0.6589842,
          0,
          -0.33576962,
          0.8421182,
          -0.42201373,
          0,
          -1.583691,
          3.2785134,
          -2.3568301,
          1
        ]
      },
      {
        "date" : 738369299.138636,
        "title" : "Untitled",
        "transform" : [
          -0.07351689,
          3.0087541e-09,
          0.997294,
          0,
          0.06965961,
          0.9975576,
          0.0051350663,
          0,
          -0.9948582,
          0.06984859,
          -0.0733374,
          0,
          -3.0788136,
          -0.2255821,
          -0.39105466,
          1
        ]
      },
      {
        "date" : 738369198.710111,
        "title" : "Untitled",
        "transform" : [
          0.887496,
          2.9764955e-09,
          -0.46081546,
          0,
          -0.07447595,
          0.9868534,
          -0.14343512,
          0,
          0.45475727,
          0.16161776,
          0.8758285,
          0,
          1.286432,
          0.061417103,
          2.8327062,
          1
        ]
      },
      {
        "date" : 738369173.678526,
        "title" : "Untitled",
        "transform" : [
          -0.9406496,
          -6.6742363e-09,
          0.33937925,
          0,
          0.17986885,
          0.84800154,
          0.4985384,
          0,
          -0.28779408,
          0.5299937,
          -0.7976724,
          0,
          -0.70282435,
          1.2225438,
          -2.5959516,
          1
        ]
      },
      {
        "date" : 738369151.633635,
        "title" : "Untitled",
        "transform" : [
          -0.89924115,
          -1.0143113e-08,
          0.43745318,
          0,
          0.1329142,
          0.95272416,
          0.27322224,
          0,
          -0.41677222,
          0.30383644,
          -0.8567288,
          0,
          -1.0706412,
          0.5217539,
          -2.7035239,
          1
        ]
      },
      {
        "date" : 738369140.180497,
        "title" : "Untitled",
        "transform" : [
          -0.8992412,
          -4.862761e-09,
          0.43745318,
          0,
          0.13291414,
          0.9527242,
          0.27322227,
          0,
          -0.4167722,
          0.3038363,
          -0.8567289,
          0,
          -1.0619329,
          0.8306164,
          -2.6172771,
          1
        ]
      },
      {
        "date" : 738369127.744292,
        "title" : "Untitled",
        "transform" : [
          -0.7930511,
          -6.3034795e-09,
          0.6091551,
          0,
          0.43256864,
          0.70408815,
          0.5631556,
          0,
          -0.4288989,
          0.71011245,
          -0.55837804,
          0,
          -1.1371747,
          2.0400875,
          -1.7923844,
          1
        ]
      },
      {
        "date" : 738369066.943735,
        "title" : "Untitled",
        "transform" : [
          0.35572723,
          -7.362484e-09,
          0.93458986,
          0,
          0.56304157,
          0.79815835,
          -0.21430703,
          0,
          -0.74595076,
          0.6024477,
          0.28392658,
          0,
          -2.2951736,
          1.717744,
          0.67029744,
          1
        ]
      },
      {
        "date" : 738369042.115705,
        "title" : "Untitled",
        "transform" : [
          0.079689756,
          -1.938135e-09,
          0.99681973,
          0,
          0.7728645,
          0.6315558,
          -0.061785873,
          0,
          -0.6295473,
          0.7753303,
          0.050328497,
          0,
          -1.9144365,
          2.2363558,
          -0.03756098,
          1
        ]
      }
    ],
    "B991B9EE-8C40-4F31-94C2-5EA1534FF5A7" : [
      {
        "date" : 737859863.960548,
        "title" : "Untitled",
        "transform" : [
          0.99999994,
          0,
          -0,
          0,
          -0,
          0.8660254,
          -0.49999988,
          0,
          0,
          0.49999988,
          0.8660254,
          0,
          0,
          0.25955626,
          0.44956473,
          1
        ]
      }
    ]
  },
  "selectedSceneRelativePath" : "Immersive.usda"
}