{
  "advancedEditorSelectedIdentifier" : "ShaderGraphEditorPluginID",
  "openSceneRelativePaths" : [
    "Immersive.usda"
  ],
  "recentIdentifiers" : {
    "1D572CEB-057A-41C3-B575-04C37501A3C0" : [

    ]
  },
  "sceneCameraHistory" : {
    "1D572CEB-057A-41C3-B575-04C37501A3C0" : [
      {
        "date" : 738378374.84743,
        "title" : "Untitled",
        "transform" : [
          -0.78253156,
          8.5616165e-08,
          0.6226108,
          0,
          0.52431196,
          0.5392929,
          0.6589842,
          0,
          -0.3357695,
          0.84211826,
          -0.42201376,
          0,
          -0.9493657,
          2.305376,
          -1.3300089,
          1
        ]
      },
      {
        "date" : 738378291.080944,
        "title" : "Untitled",
        "transform" : [
          -0.78253156,
          8.5616165e-08,
          0.6226108,
          0,
          0.52431196,
          0.5392929,
          0.6589842,
          0,
          -0.3357695,
          0.84211826,
          -0.42201376,
          0,
          -0.94936556,
          2.3053758,
          -1.330009,
          1
        ]
      },
      {
        "date" : 738377680.581078,
        "title" : "Untitled",
        "transform" : [
          -0.78253156,
          8.5616165e-08,
          0.6226108,
          0,
          0.52431196,
          0.5392929,
          0.6589842,
          0,
          -0.3357695,
          0.84211826,
          -0.42201376,
          0,
          -0.95177275,
          2.311413,
          -1.3330344,
          1
        ]
      },
      {
        "date" : 738376762.521542,
        "title" : "Untitled",
        "transform" : [
          -0.78253156,
          8.5616165e-08,
          0.6226108,
          0,
          0.52431196,
          0.5392929,
          0.6589842,
          0,
          -0.3357695,
          0.84211826,
          -0.42201376,
          0,
          -0.94936574,
          2.305376,
          -1.3300091,
          1
        ]
      },
      {
        "date" : 738376761.515564,
        "title" : "Untitled",
        "transform" : [
          -0.78253156,
          8.5616165e-08,
          0.6226108,
          0,
          0.52431196,
          0.5392929,
          0.6589842,
          0,
          -0.3357695,
          0.84211826,
          -0.42201376,
          0,
          -0.94936574,
          2.305376,
          -1.3300091,
          1
        ]
      },
      {
        "date" : 738371140.252431,
        "title" : "Untitled",
        "transform" : [
          -0.78253156,
          3.6250004e-08,
          0.6226108,
          0,
          0.52431196,
          0.5392929,
          0.6589842,
          0,
          -0.33576953,
          0.84211826,
          -0.42201373,
          0,
          -0.949366,
          2.3053756,
          -1.3300089,
          1
        ]
      },
      {
        "date" : 738369376.411203,
        "title" : "Untitled",
        "transform" : [
          -0.78253156,
          2.2706814e-09,
          0.6226108,
          0,
          0.524312,
          0.53929293,
          0.6589842,
          0,
          -0.33576962,
          0.8421182,
          -0.42201373,
          0,
          -1.583691,
          3.2785134,
          -2.3568301,
          1
        ]
      },
      {
        "date" : 738369299.138636,
        "title" : "Untitled",
        "transform" : [
          -0.07351689,
          3.0087541e-09,
          0.997294,
          0,
          0.06965961,
          0.9975576,
          0.0051350663,
          0,
          -0.9948582,
          0.06984859,
          -0.0733374,
          0,
          -3.0788136,
          -0.2255821,
          -0.39105466,
          1
        ]
      },
      {
        "date" : 738369198.710111,
        "title" : "Untitled",
        "transform" : [
          0.887496,
          2.9764955e-09,
          -0.46081546,
          0,
          -0.07447595,
          0.9868534,
          -0.14343512,
          0,
          0.45475727,
          0.16161776,
          0.8758285,
          0,
          1.286432,
          0.061417103,
          2.8327062,
          1
        ]
      },
      {
        "date" : 738369173.678526,
        "title" : "Untitled",
        "transform" : [
          -0.9406496,
          -6.6742363e-09,
          0.33937925,
          0,
          0.17986885,
          0.84800154,
          0.4985384,
          0,
          -0.28779408,
          0.5299937,
          -0.7976724,
          0,
          -0.70282435,
          1.2225438,
          -2.5959516,
          1
        ]
      }
    ],
    "B991B9EE-8C40-4F31-94C2-5EA1534FF5A7" : [
      {
        "date" : 737859863.960548,
        "title" : "Untitled",
        "transform" : [
          0.99999994,
          0,
          -0,
          0,
          -0,
          0.8660254,
          -0.49999988,
          0,
          0,
          0.49999988,
          0.8660254,
          0,
          0,
          0.25955626,
          0.44956473,
          1
        ]
      }
    ]
  },
  "selectedSceneRelativePath" : "Immersive.usda"
}