{
  "advancedEditorSelectedIdentifier" : "ShaderGraphEditorPluginID",
  "openSceneRelativePaths" : [
    "Immersive.usda"
  ],
  "recentIdentifiers" : {
    "1D572CEB-057A-41C3-B575-04C37501A3C0" : [

    ]
  },
  "sceneCameraHistory" : {
    "1D572CEB-057A-41C3-B575-04C37501A3C0" : [
      {
        "date" : 738566509.746056,
        "title" : "Untitled",
        "transform" : [
          -0.9756531,
          5.3544467e-09,
          0.21931921,
          0,
          0.05738499,
          0.9651627,
          0.25528017,
          0,
          -0.21167873,
          0.26165053,
          -0.94166404,
          0,
          -0.557266,
          0.5980162,
          -2.796718,
          1
        ]
      },
      {
        "date" : 738565461.446111,
        "title" : "Untitled",
        "transform" : [
          -0.9756531,
          5.3544467e-09,
          0.21931921,
          0,
          0.05738499,
          0.9651627,
          0.25528017,
          0,
          -0.21167873,
          0.26165053,
          -0.94166404,
          0,
          -0.55726606,
          0.5980163,
          -2.7967181,
          1
        ]
      },
      {
        "date" : 738564631.093442,
        "title" : "Untitled",
        "transform" : [
          -0.9756531,
          5.3544467e-09,
          0.21931921,
          0,
          0.05738499,
          0.9651627,
          0.25528017,
          0,
          -0.21167873,
          0.26165053,
          -0.94166404,
          0,
          -0.557266,
          0.5980162,
          -2.796718,
          1
        ]
      },
      {
        "date" : 738563007.00413,
        "title" : "Untitled",
        "transform" : [
          -0.9756531,
          5.3544467e-09,
          0.21931921,
          0,
          0.05738499,
          0.9651627,
          0.25528017,
          0,
          -0.21167873,
          0.26165053,
          -0.94166404,
          0,
          -0.55726606,
          0.5980163,
          -2.7967181,
          1
        ]
      },
      {
        "date" : 738562922.588883,
        "title" : "Untitled",
        "transform" : [
          -0.9756531,
          5.3544467e-09,
          0.21931921,
          0,
          0.05738499,
          0.9651627,
          0.25528017,
          0,
          -0.21167873,
          0.26165053,
          -0.94166404,
          0,
          -0.557266,
          0.5980162,
          -2.796718,
          1
        ]
      },
      {
        "date" : 738534413.172495,
        "title" : "Untitled",
        "transform" : [
          -0.9756531,
          5.3544467e-09,
          0.21931921,
          0,
          0.05738499,
          0.9651627,
          0.25528017,
          0,
          -0.21167873,
          0.26165053,
          -0.94166404,
          0,
          -0.55726606,
          0.5980163,
          -2.7967181,
          1
        ]
      },
      {
        "date" : 738533264.413512,
        "title" : "Untitled",
        "transform" : [
          -0.9756531,
          3.5193677e-09,
          0.21931921,
          0,
          0.05738499,
          0.9651627,
          0.25528017,
          0,
          -0.21167873,
          0.26165053,
          -0.94166404,
          0,
          -0.55726624,
          0.5980162,
          -2.7967184,
          1
        ]
      },
      {
        "date" : 738530031.594292,
        "title" : "Untitled",
        "transform" : [
          -0.9756532,
          1.8700668e-09,
          0.21931922,
          0,
          0.057385005,
          0.96516263,
          0.25528017,
          0,
          -0.2116788,
          0.26165053,
          -0.9416641,
          0,
          -0.4121938,
          1.4017775,
          -2.4296758,
          1
        ]
      },
      {
        "date" : 738458164.747651,
        "title" : "Untitled",
        "transform" : [
          0.9530801,
          3.0471456e-09,
          0.30271825,
          0,
          0.07081947,
          0.9722498,
          -0.22296849,
          0,
          -0.29431775,
          0.23394516,
          0.9266319,
          0,
          -0.8813789,
          1.3308353,
          2.3431296,
          1
        ]
      },
      {
        "date" : 738458139.234347,
        "title" : "Untitled",
        "transform" : [
          -0.41456577,
          1.8446937e-07,
          0.91001934,
          0,
          0.6756437,
          0.66990167,
          0.30779415,
          0,
          -0.60962343,
          0.74244976,
          -0.27771842,
          0,
          -1.6419588,
          1.6572684,
          -0.26144233,
          1
        ]
      }
    ],
    "B991B9EE-8C40-4F31-94C2-5EA1534FF5A7" : [
      {
        "date" : 737859863.960548,
        "title" : "Untitled",
        "transform" : [
          0.99999994,
          0,
          -0,
          0,
          -0,
          0.8660254,
          -0.49999988,
          0,
          0,
          0.49999988,
          0.8660254,
          0,
          0,
          0.25955626,
          0.44956473,
          1
        ]
      }
    ]
  },
  "selectedSceneRelativePath" : "Immersive.usda"
}