{
  "advancedEditorSelectedIdentifier" : "ShaderGraphEditorPluginID",
  "openSceneRelativePaths" : [
    "Immersive.usda"
  ],
  "recentIdentifiers" : {
    "1D572CEB-057A-41C3-B575-04C37501A3C0" : [

    ]
  },
  "sceneCameraHistory" : {
    "1D572CEB-057A-41C3-B575-04C37501A3C0" : [
      {
        "date" : 737959679.090174,
        "title" : "Untitled",
        "transform" : [
          0.7940987,
          -1.9658017e-09,
          -0.6077889,
          0,
          -0.14250156,
          0.972126,
          -0.18618356,
          0,
          0.59084743,
          0.23445895,
          0.7719639,
          0,
          2.244657,
          0.954209,
          2.65466,
          1
        ]
      },
      {
        "date" : 737959675.959473,
        "title" : "Untitled",
        "transform" : [
          0.7940987,
          -1.9658017e-09,
          -0.6077889,
          0,
          -0.14250158,
          0.9721261,
          -0.18618357,
          0,
          0.59084743,
          0.23445895,
          0.7719639,
          0,
          2.8049242,
          0.94352764,
          2.2290862,
          1
        ]
      },
      {
        "date" : 737959668.861352,
        "title" : "Untitled",
        "transform" : [
          0.9999521,
          -2.8670587e-11,
          -0.00978594,
          0,
          -0.00418811,
          0.903792,
          -0.42795163,
          0,
          0.008844455,
          0.42797208,
          0.90374863,
          0,
          0.4043508,
          1.7765237,
          3.137372,
          1
        ]
      },
      {
        "date" : 737959661.098484,
        "title" : "Untitled",
        "transform" : [
          0.9999521,
          -2.8670587e-11,
          -0.00978594,
          0,
          -0.00418811,
          0.903792,
          -0.42795163,
          0,
          0.008844455,
          0.42797208,
          0.90374863,
          0,
          0.9889652,
          4.3450394,
          7.673415,
          1
        ]
      },
      {
        "date" : 737959655.440491,
        "title" : "Untitled",
        "transform" : [
          0.9999521,
          -2.8670587e-11,
          -0.00978594,
          0,
          -0.00418811,
          0.903792,
          -0.42795163,
          0,
          0.008844456,
          0.42797214,
          0.90374875,
          0,
          0.022034816,
          2.120902,
          2.2515852,
          1
        ]
      },
      {
        "date" : 737862683.973024,
        "title" : "Untitled",
        "transform" : [
          0.99999994,
          0,
          -0,
          0,
          -0,
          0.86602575,
          -0.4999995,
          0,
          0,
          0.4999995,
          0.86602575,
          0,
          -1.1920929e-07,
          2.296862,
          2.0719006,
          1
        ]
      },
      {
        "date" : 737798724.585343,
        "title" : "Untitled",
        "transform" : [
          1,
          0,
          -0,
          0,
          -0,
          0.86602575,
          -0.4999994,
          0,
          0,
          0.4999994,
          0.86602575,
          0,
          4.7683716e-07,
          2.1466799,
          1.8320458,
          1
        ]
      },
      {
        "date" : 737795992.698515,
        "title" : "Untitled",
        "transform" : [
          1,
          0,
          -0,
          0,
          -0,
          0.8660258,
          -0.4999994,
          0,
          0,
          0.4999994,
          0.8660258,
          0,
          0,
          4.482622,
          5.6467896,
          1
        ]
      }
    ],
    "B991B9EE-8C40-4F31-94C2-5EA1534FF5A7" : [
      {
        "date" : 737859863.960548,
        "title" : "Untitled",
        "transform" : [
          0.99999994,
          0,
          -0,
          0,
          -0,
          0.8660254,
          -0.49999988,
          0,
          0,
          0.49999988,
          0.8660254,
          0,
          0,
          0.25955626,
          0.44956473,
          1
        ]
      }
    ]
  },
  "selectedSceneRelativePath" : "Immersive.usda"
}