{
  "advancedEditorSelectedIdentifier" : "ShaderGraphEditorPluginID",
  "openSceneRelativePaths" : [
    "Immersive.usda"
  ],
  "recentIdentifiers" : {
    "1D572CEB-057A-41C3-B575-04C37501A3C0" : [

    ]
  },
  "sceneCameraHistory" : {
    "1D572CEB-057A-41C3-B575-04C37501A3C0" : [
      {
        "date" : 738458164.747651,
        "title" : "Untitled",
        "transform" : [
          0.9530801,
          3.0471456e-09,
          0.30271825,
          0,
          0.07081947,
          0.9722498,
          -0.22296849,
          0,
          -0.29431775,
          0.23394516,
          0.9266319,
          0,
          -0.8813789,
          1.3308353,
          2.3431296,
          1
        ]
      },
      {
        "date" : 738458139.234347,
        "title" : "Untitled",
        "transform" : [
          -0.41456577,
          1.8446937e-07,
          0.91001934,
          0,
          0.6756437,
          0.66990167,
          0.30779415,
          0,
          -0.60962343,
          0.74244976,
          -0.27771842,
          0,
          -1.6419588,
          1.6572684,
          -0.26144233,
          1
        ]
      },
      {
        "date" : 738456699.593588,
        "title" : "Untitled",
        "transform" : [
          -0.41456577,
          1.8446937e-07,
          0.91001934,
          0,
          0.6756437,
          0.66990167,
          0.30779415,
          0,
          -0.60962343,
          0.74244976,
          -0.27771842,
          0,
          -1.9777764,
          2.1798255,
          -0.66160893,
          1
        ]
      },
      {
        "date" : 738455225.043234,
        "title" : "Untitled",
        "transform" : [
          -0.41456568,
          9.506237e-08,
          0.91001934,
          0,
          0.67564374,
          0.6699016,
          0.30779424,
          0,
          -0.6096234,
          0.7424498,
          -0.27771834,
          0,
          -1.9777764,
          2.1798255,
          -0.66160953,
          1
        ]
      },
      {
        "date" : 738455103.129418,
        "title" : "Untitled",
        "transform" : [
          -0.4145658,
          1.477669e-07,
          0.91001934,
          0,
          0.67564374,
          0.6699016,
          0.30779427,
          0,
          -0.6096233,
          0.7424499,
          -0.27771845,
          0,
          -1.9777763,
          2.1798253,
          -0.66160905,
          1
        ]
      },
      {
        "date" : 738454814.877405,
        "title" : "Untitled",
        "transform" : [
          -0.41456565,
          8.05761e-08,
          0.91001934,
          0,
          0.6756438,
          0.66990155,
          0.30779427,
          0,
          -0.6096234,
          0.7424499,
          -0.2777183,
          0,
          -1.3541543,
          1.4469457,
          -0.6870068,
          1
        ]
      },
      {
        "date" : 738454799.455791,
        "title" : "Untitled",
        "transform" : [
          -0.41456565,
          8.05761e-08,
          0.91001934,
          0,
          0.6756438,
          0.66990155,
          0.30779427,
          0,
          -0.6096234,
          0.7424499,
          -0.2777183,
          0,
          -1.2409238,
          1.3090441,
          -0.63542366,
          1
        ]
      },
      {
        "date" : 738454793.877755,
        "title" : "Untitled",
        "transform" : [
          -0.41456565,
          8.05761e-08,
          0.91001934,
          0,
          0.6756438,
          0.66990155,
          0.30779427,
          0,
          -0.6096234,
          0.7424499,
          -0.2777183,
          0,
          -11.047904,
          14.17014,
          -5.5356555,
          1
        ]
      },
      {
        "date" : 738454226.795852,
        "title" : "Untitled",
        "transform" : [
          -0.41456565,
          8.05761e-08,
          0.91001934,
          0,
          0.6756438,
          0.66990155,
          0.30779427,
          0,
          -0.6096234,
          0.7424499,
          -0.2777183,
          0,
          -1.7731861,
          2.007064,
          -0.901378,
          1
        ]
      },
      {
        "date" : 738378374.84743,
        "title" : "Untitled",
        "transform" : [
          -0.78253156,
          8.5616165e-08,
          0.6226108,
          0,
          0.52431196,
          0.5392929,
          0.6589842,
          0,
          -0.3357695,
          0.84211826,
          -0.42201376,
          0,
          -0.9493657,
          2.305376,
          -1.3300089,
          1
        ]
      }
    ],
    "B991B9EE-8C40-4F31-94C2-5EA1534FF5A7" : [
      {
        "date" : 737859863.960548,
        "title" : "Untitled",
        "transform" : [
          0.99999994,
          0,
          -0,
          0,
          -0,
          0.8660254,
          -0.49999988,
          0,
          0,
          0.49999988,
          0.8660254,
          0,
          0,
          0.25955626,
          0.44956473,
          1
        ]
      }
    ]
  },
  "selectedSceneRelativePath" : "Immersive.usda"
}